onset	duration	trial_type	value	sample
217.721	n/a	NonTarget	1	217721
217.769	n/a	NonTarget	1	217769
217.934	n/a	NonTarget	1	217934
218.151	n/a	NonTarget	1	218151
218.371	n/a	Target	2	218371
218.588	n/a	NonTarget	1	218588
218.801	n/a	NonTarget	1	218801
219.027	n/a	NonTarget	1	219027
219.235	n/a	Target	2	219235
219.453	n/a	NonTarget	1	219453
219.668	n/a	NonTarget	1	219668
219.885	n/a	NonTarget	1	219885
220.117	n/a	Target	2	220117
220.32	n/a	NonTarget	1	220320
220.537	n/a	NonTarget	1	220537
220.752	n/a	NonTarget	1	220752
220.968	n/a	NonTarget	1	220968
221.184	n/a	NonTarget	1	221184
221.407	n/a	NonTarget	1	221407
221.622	n/a	NonTarget	1	221622
221.834	n/a	NonTarget	1	221834
222.054	n/a	NonTarget	1	222054
222.271	n/a	Target	2	222271
222.488	n/a	NonTarget	1	222488
222.702	n/a	NonTarget	1	222702
222.918	n/a	NonTarget	1	222918
223.134	n/a	NonTarget	1	223134
223.355	n/a	Target	2	223355
223.568	n/a	NonTarget	1	223568
223.785	n/a	NonTarget	1	223785
224.004	n/a	NonTarget	1	224004
224.218	n/a	Target	2	224218
224.437	n/a	NonTarget	1	224437
224.659	n/a	NonTarget	1	224659
224.874	n/a	NonTarget	1	224874
225.087	n/a	NonTarget	1	225087
225.301	n/a	NonTarget	1	225301
225.521	n/a	NonTarget	1	225521
225.734	n/a	NonTarget	1	225734
225.954	n/a	NonTarget	1	225954
226.17	n/a	NonTarget	1	226170
226.388	n/a	Target	2	226388
226.602	n/a	NonTarget	1	226602
226.817	n/a	NonTarget	1	226817
227.034	n/a	Target	2	227034
227.251	n/a	NonTarget	1	227251
227.468	n/a	NonTarget	1	227468
227.695	n/a	NonTarget	1	227695
227.901	n/a	Target	2	227901
228.12	n/a	NonTarget	1	228120
228.34	n/a	NonTarget	1	228340
228.553	n/a	NonTarget	1	228553
228.771	n/a	NonTarget	1	228771
228.984	n/a	NonTarget	1	228984
229.202	n/a	NonTarget	1	229202
229.417	n/a	NonTarget	1	229417
229.634	n/a	NonTarget	1	229634
229.851	n/a	NonTarget	1	229851
230.071	n/a	NonTarget	1	230071
230.284	n/a	Target	2	230284
238.285	n/a	NonTarget	1	238285
238.331	n/a	NonTarget	1	238331
238.503	n/a	NonTarget	1	238503
238.717	n/a	NonTarget	1	238717
238.934	n/a	Target	2	238934
239.154	n/a	NonTarget	1	239154
239.368	n/a	Target	2	239368
239.585	n/a	NonTarget	1	239585
239.801	n/a	NonTarget	1	239801
240.017	n/a	NonTarget	1	240017
240.241	n/a	NonTarget	1	240241
240.451	n/a	NonTarget	1	240451
240.67	n/a	NonTarget	1	240670
240.887	n/a	NonTarget	1	240887
241.104	n/a	NonTarget	1	241104
241.33	n/a	NonTarget	1	241330
241.537	n/a	NonTarget	1	241537
241.752	n/a	Target	2	241752
241.973	n/a	NonTarget	1	241973
242.186	n/a	NonTarget	1	242186
242.401	n/a	Target	2	242401
242.619	n/a	NonTarget	1	242619
242.834	n/a	NonTarget	1	242834
243.055	n/a	NonTarget	1	243055
243.271	n/a	Target	2	243271
243.486	n/a	NonTarget	1	243486
243.7	n/a	NonTarget	1	243700
243.917	n/a	NonTarget	1	243917
244.134	n/a	NonTarget	1	244134
244.355	n/a	NonTarget	1	244355
244.57	n/a	NonTarget	1	244570
244.784	n/a	NonTarget	1	244784
245.004	n/a	NonTarget	1	245004
245.217	n/a	NonTarget	1	245217
245.434	n/a	Target	2	245434
245.654	n/a	NonTarget	1	245654
245.867	n/a	NonTarget	1	245867
246.092	n/a	NonTarget	1	246092
246.301	n/a	NonTarget	1	246301
246.523	n/a	NonTarget	1	246523
246.734	n/a	NonTarget	1	246734
246.953	n/a	Target	2	246953
247.17	n/a	NonTarget	1	247170
247.384	n/a	Target	2	247384
247.601	n/a	NonTarget	1	247601
247.817	n/a	NonTarget	1	247817
248.037	n/a	NonTarget	1	248037
248.251	n/a	NonTarget	1	248251
248.467	n/a	NonTarget	1	248467
248.685	n/a	NonTarget	1	248685
248.904	n/a	NonTarget	1	248904
249.121	n/a	NonTarget	1	249121
249.337	n/a	Target	2	249337
249.55	n/a	NonTarget	1	249550
249.773	n/a	NonTarget	1	249773
249.986	n/a	NonTarget	1	249986
250.201	n/a	NonTarget	1	250201
250.421	n/a	NonTarget	1	250421
250.634	n/a	NonTarget	1	250634
250.85	n/a	Target	2	250850
258.885	n/a	NonTarget	1	258885
258.927	n/a	NonTarget	1	258927
259.118	n/a	Target	2	259118
259.32	n/a	NonTarget	1	259320
259.538	n/a	NonTarget	1	259538
259.751	n/a	NonTarget	1	259751
259.969	n/a	NonTarget	1	259969
260.184	n/a	NonTarget	1	260184
260.4	n/a	Target	2	260400
260.617	n/a	NonTarget	1	260617
260.833	n/a	NonTarget	1	260833
261.053	n/a	NonTarget	1	261053
261.27	n/a	NonTarget	1	261270
261.487	n/a	NonTarget	1	261487
261.7	n/a	NonTarget	1	261700
261.92	n/a	NonTarget	1	261920
262.137	n/a	Target	2	262137
262.35	n/a	NonTarget	1	262350
262.569	n/a	Target	2	262569
262.784	n/a	NonTarget	1	262784
263.0	n/a	NonTarget	1	263000
263.221	n/a	NonTarget	1	263221
263.433	n/a	NonTarget	1	263433
263.651	n/a	NonTarget	1	263651
263.867	n/a	NonTarget	1	263867
264.084	n/a	Target	2	264084
264.303	n/a	NonTarget	1	264303
264.518	n/a	NonTarget	1	264518
264.749	n/a	NonTarget	1	264749
264.952	n/a	NonTarget	1	264952
265.167	n/a	NonTarget	1	265167
265.387	n/a	Target	2	265387
265.603	n/a	NonTarget	1	265603
265.825	n/a	NonTarget	1	265825
266.039	n/a	NonTarget	1	266039
266.256	n/a	NonTarget	1	266256
266.469	n/a	NonTarget	1	266469
266.684	n/a	NonTarget	1	266684
266.908	n/a	NonTarget	1	266908
267.12	n/a	NonTarget	1	267120
267.334	n/a	NonTarget	1	267334
267.56	n/a	Target	2	267560
267.767	n/a	NonTarget	1	267767
267.983	n/a	NonTarget	1	267983
268.2	n/a	NonTarget	1	268200
268.419	n/a	NonTarget	1	268419
268.638	n/a	NonTarget	1	268638
268.853	n/a	Target	2	268853
269.067	n/a	NonTarget	1	269067
269.289	n/a	NonTarget	1	269289
269.502	n/a	NonTarget	1	269502
269.717	n/a	NonTarget	1	269717
269.933	n/a	NonTarget	1	269933
270.154	n/a	Target	2	270154
270.371	n/a	NonTarget	1	270371
270.583	n/a	NonTarget	1	270583
270.8	n/a	Target	2	270800
271.017	n/a	NonTarget	1	271017
271.233	n/a	NonTarget	1	271233
271.455	n/a	NonTarget	1	271455
279.5	n/a	NonTarget	1	279500
279.547	n/a	NonTarget	1	279547
279.72	n/a	NonTarget	1	279720
279.933	n/a	Target	2	279933
280.15	n/a	NonTarget	1	280150
280.37	n/a	NonTarget	1	280370
280.591	n/a	NonTarget	1	280591
280.803	n/a	NonTarget	1	280803
281.019	n/a	NonTarget	1	281019
281.241	n/a	Target	2	281241
281.45	n/a	NonTarget	1	281450
281.669	n/a	NonTarget	1	281669
281.883	n/a	NonTarget	1	281883
282.11	n/a	NonTarget	1	282110
282.316	n/a	NonTarget	1	282316
282.536	n/a	NonTarget	1	282536
282.754	n/a	NonTarget	1	282754
282.974	n/a	Target	2	282974
283.183	n/a	NonTarget	1	283183
283.4	n/a	NonTarget	1	283400
283.62	n/a	NonTarget	1	283620
283.834	n/a	NonTarget	1	283834
284.05	n/a	Target	2	284050
284.267	n/a	NonTarget	1	284267
284.487	n/a	NonTarget	1	284487
284.705	n/a	NonTarget	1	284705
284.916	n/a	Target	2	284916
285.137	n/a	NonTarget	1	285137
285.352	n/a	NonTarget	1	285352
285.566	n/a	NonTarget	1	285566
285.785	n/a	Target	2	285785
286.001	n/a	NonTarget	1	286001
286.217	n/a	NonTarget	1	286217
286.438	n/a	NonTarget	1	286438
286.652	n/a	NonTarget	1	286652
286.868	n/a	NonTarget	1	286868
287.084	n/a	NonTarget	1	287084
287.303	n/a	NonTarget	1	287303
287.517	n/a	Target	2	287517
287.736	n/a	NonTarget	1	287736
287.951	n/a	NonTarget	1	287951
288.172	n/a	NonTarget	1	288172
288.383	n/a	NonTarget	1	288383
288.601	n/a	NonTarget	1	288601
288.816	n/a	NonTarget	1	288816
289.033	n/a	Target	2	289033
289.253	n/a	NonTarget	1	289253
289.468	n/a	NonTarget	1	289468
289.683	n/a	NonTarget	1	289683
289.9	n/a	NonTarget	1	289900
290.117	n/a	NonTarget	1	290117
290.333	n/a	NonTarget	1	290333
290.55	n/a	Target	2	290550
290.767	n/a	NonTarget	1	290767
290.984	n/a	NonTarget	1	290984
291.208	n/a	Target	2	291208
291.42	n/a	NonTarget	1	291420
291.636	n/a	NonTarget	1	291636
291.85	n/a	NonTarget	1	291850
292.068	n/a	NonTarget	1	292068
300.1	n/a	NonTarget	1	300100
300.149	n/a	NonTarget	1	300149
300.319	n/a	Target	2	300319
300.534	n/a	NonTarget	1	300534
300.752	n/a	NonTarget	1	300752
300.967	n/a	NonTarget	1	300967
301.183	n/a	NonTarget	1	301183
301.399	n/a	Target	2	301399
301.616	n/a	NonTarget	1	301616
301.835	n/a	NonTarget	1	301835
302.056	n/a	NonTarget	1	302056
302.267	n/a	NonTarget	1	302267
302.484	n/a	NonTarget	1	302484
302.71	n/a	Target	2	302710
302.918	n/a	NonTarget	1	302918
303.133	n/a	NonTarget	1	303133
303.359	n/a	NonTarget	1	303359
303.573	n/a	NonTarget	1	303573
303.785	n/a	NonTarget	1	303785
304.001	n/a	NonTarget	1	304001
304.219	n/a	NonTarget	1	304219
304.451	n/a	NonTarget	1	304451
304.649	n/a	Target	2	304649
304.867	n/a	NonTarget	1	304867
305.09	n/a	NonTarget	1	305090
305.299	n/a	NonTarget	1	305299
305.519	n/a	NonTarget	1	305519
305.736	n/a	NonTarget	1	305736
305.95	n/a	Target	2	305950
306.166	n/a	NonTarget	1	306166
306.386	n/a	NonTarget	1	306386
306.602	n/a	Target	2	306602
306.827	n/a	NonTarget	1	306827
307.043	n/a	NonTarget	1	307043
307.25	n/a	NonTarget	1	307250
307.467	n/a	NonTarget	1	307467
307.683	n/a	NonTarget	1	307683
307.9	n/a	Target	2	307900
308.116	n/a	NonTarget	1	308116
308.336	n/a	NonTarget	1	308336
308.551	n/a	NonTarget	1	308551
308.768	n/a	NonTarget	1	308768
308.982	n/a	NonTarget	1	308982
309.199	n/a	Target	2	309199
309.419	n/a	NonTarget	1	309419
309.633	n/a	NonTarget	1	309633
309.853	n/a	NonTarget	1	309853
310.07	n/a	NonTarget	1	310070
310.283	n/a	NonTarget	1	310283
310.502	n/a	NonTarget	1	310502
310.716	n/a	Target	2	310716
310.932	n/a	NonTarget	1	310932
311.15	n/a	NonTarget	1	311150
311.369	n/a	NonTarget	1	311369
311.612	n/a	Target	2	311612
311.799	n/a	NonTarget	1	311799
312.022	n/a	NonTarget	1	312022
312.235	n/a	NonTarget	1	312235
312.452	n/a	NonTarget	1	312452
312.668	n/a	NonTarget	1	312668
320.632	n/a	NonTarget	1	320632
320.682	n/a	NonTarget	1	320682
320.853	n/a	Target	2	320853
321.066	n/a	NonTarget	1	321066
321.293	n/a	NonTarget	1	321293
321.502	n/a	NonTarget	1	321502
321.719	n/a	NonTarget	1	321719
321.932	n/a	NonTarget	1	321932
322.151	n/a	NonTarget	1	322151
322.366	n/a	NonTarget	1	322366
322.594	n/a	NonTarget	1	322594
322.802	n/a	Target	2	322802
323.016	n/a	NonTarget	1	323016
323.236	n/a	NonTarget	1	323236
323.452	n/a	Target	2	323452
323.669	n/a	NonTarget	1	323669
323.886	n/a	NonTarget	1	323886
324.1	n/a	NonTarget	1	324100
324.316	n/a	NonTarget	1	324316
324.536	n/a	Target	2	324536
324.751	n/a	NonTarget	1	324751
324.967	n/a	NonTarget	1	324967
325.183	n/a	NonTarget	1	325183
325.403	n/a	NonTarget	1	325403
325.619	n/a	NonTarget	1	325619
325.832	n/a	NonTarget	1	325832
326.05	n/a	NonTarget	1	326050
326.266	n/a	NonTarget	1	326266
326.483	n/a	NonTarget	1	326483
326.699	n/a	Target	2	326699
326.919	n/a	NonTarget	1	326919
327.134	n/a	NonTarget	1	327134
327.349	n/a	Target	2	327349
327.566	n/a	NonTarget	1	327566
327.782	n/a	NonTarget	1	327782
328.001	n/a	NonTarget	1	328001
328.216	n/a	NonTarget	1	328216
328.435	n/a	NonTarget	1	328435
328.657	n/a	Target	2	328657
328.869	n/a	NonTarget	1	328869
329.086	n/a	NonTarget	1	329086
329.299	n/a	NonTarget	1	329299
329.526	n/a	NonTarget	1	329526
329.735	n/a	NonTarget	1	329735
329.949	n/a	NonTarget	1	329949
330.166	n/a	NonTarget	1	330166
330.382	n/a	Target	2	330382
330.602	n/a	NonTarget	1	330602
330.817	n/a	Target	2	330817
331.033	n/a	NonTarget	1	331033
331.252	n/a	NonTarget	1	331252
331.471	n/a	NonTarget	1	331471
331.682	n/a	NonTarget	1	331682
331.901	n/a	NonTarget	1	331901
332.121	n/a	NonTarget	1	332121
332.334	n/a	NonTarget	1	332334
332.549	n/a	Target	2	332549
332.767	n/a	NonTarget	1	332767
332.982	n/a	NonTarget	1	332982
333.199	n/a	NonTarget	1	333199
341.166	n/a	NonTarget	1	341166
341.216	n/a	NonTarget	1	341216
341.385	n/a	NonTarget	1	341385
341.611	n/a	Target	2	341611
341.827	n/a	NonTarget	1	341827
342.035	n/a	NonTarget	1	342035
342.25	n/a	Target	2	342250
342.473	n/a	NonTarget	1	342473
342.682	n/a	NonTarget	1	342682
342.899	n/a	NonTarget	1	342899
343.117	n/a	NonTarget	1	343117
343.335	n/a	NonTarget	1	343335
343.549	n/a	NonTarget	1	343549
343.768	n/a	Target	2	343768
343.986	n/a	NonTarget	1	343986
344.2	n/a	NonTarget	1	344200
344.415	n/a	NonTarget	1	344415
344.632	n/a	NonTarget	1	344632
344.851	n/a	NonTarget	1	344851
345.067	n/a	NonTarget	1	345067
345.282	n/a	NonTarget	1	345282
345.512	n/a	Target	2	345512
345.716	n/a	NonTarget	1	345716
345.934	n/a	NonTarget	1	345934
346.161	n/a	NonTarget	1	346161
346.365	n/a	NonTarget	1	346365
346.585	n/a	NonTarget	1	346585
346.802	n/a	NonTarget	1	346802
347.015	n/a	Target	2	347015
347.232	n/a	NonTarget	1	347232
347.455	n/a	NonTarget	1	347455
347.666	n/a	NonTarget	1	347666
347.883	n/a	Target	2	347883
348.099	n/a	NonTarget	1	348099
348.315	n/a	NonTarget	1	348315
348.535	n/a	NonTarget	1	348535
348.751	n/a	NonTarget	1	348751
348.967	n/a	Target	2	348967
349.182	n/a	NonTarget	1	349182
349.399	n/a	NonTarget	1	349399
349.615	n/a	NonTarget	1	349615
349.833	n/a	NonTarget	1	349833
350.051	n/a	NonTarget	1	350051
350.265	n/a	NonTarget	1	350265
350.485	n/a	NonTarget	1	350485
350.699	n/a	NonTarget	1	350699
350.917	n/a	NonTarget	1	350917
351.136	n/a	Target	2	351136
351.352	n/a	NonTarget	1	351352
351.565	n/a	Target	2	351565
351.785	n/a	NonTarget	1	351785
351.999	n/a	NonTarget	1	351999
352.215	n/a	NonTarget	1	352215
352.432	n/a	NonTarget	1	352432
352.648	n/a	NonTarget	1	352648
352.865	n/a	NonTarget	1	352865
353.094	n/a	NonTarget	1	353094
353.303	n/a	Target	2	353303
353.524	n/a	NonTarget	1	353524
353.735	n/a	NonTarget	1	353735
361.698	n/a	NonTarget	1	361698
361.746	n/a	NonTarget	1	361746
361.918	n/a	NonTarget	1	361918
362.132	n/a	NonTarget	1	362132
362.348	n/a	Target	2	362348
362.565	n/a	NonTarget	1	362565
362.785	n/a	NonTarget	1	362785
363.001	n/a	NonTarget	1	363001
363.215	n/a	Target	2	363215
363.434	n/a	NonTarget	1	363434
363.648	n/a	NonTarget	1	363648
363.868	n/a	NonTarget	1	363868
364.084	n/a	Target	2	364084
364.299	n/a	NonTarget	1	364299
364.515	n/a	NonTarget	1	364515
364.732	n/a	NonTarget	1	364732
364.948	n/a	NonTarget	1	364948
365.167	n/a	NonTarget	1	365167
365.382	n/a	NonTarget	1	365382
365.599	n/a	NonTarget	1	365599
365.815	n/a	NonTarget	1	365815
366.033	n/a	NonTarget	1	366033
366.249	n/a	Target	2	366249
366.465	n/a	NonTarget	1	366465
366.682	n/a	NonTarget	1	366682
366.904	n/a	NonTarget	1	366904
367.116	n/a	NonTarget	1	367116
367.332	n/a	Target	2	367332
367.551	n/a	NonTarget	1	367551
367.765	n/a	NonTarget	1	367765
367.985	n/a	NonTarget	1	367985
368.198	n/a	Target	2	368198
368.415	n/a	NonTarget	1	368415
368.635	n/a	NonTarget	1	368635
368.851	n/a	NonTarget	1	368851
369.065	n/a	NonTarget	1	369065
369.281	n/a	NonTarget	1	369281
369.498	n/a	NonTarget	1	369498
369.715	n/a	NonTarget	1	369715
369.932	n/a	NonTarget	1	369932
370.15	n/a	NonTarget	1	370150
370.365	n/a	Target	2	370365
370.582	n/a	NonTarget	1	370582
370.803	n/a	NonTarget	1	370803
371.015	n/a	Target	2	371015
371.232	n/a	NonTarget	1	371232
371.451	n/a	NonTarget	1	371451
371.667	n/a	NonTarget	1	371667
371.882	n/a	Target	2	371882
372.102	n/a	NonTarget	1	372102
372.315	n/a	NonTarget	1	372315
372.532	n/a	NonTarget	1	372532
372.749	n/a	NonTarget	1	372749
372.968	n/a	NonTarget	1	372968
373.186	n/a	NonTarget	1	373186
373.398	n/a	NonTarget	1	373398
373.619	n/a	NonTarget	1	373619
373.833	n/a	NonTarget	1	373833
374.057	n/a	NonTarget	1	374057
374.265	n/a	Target	2	374265
382.331	n/a	NonTarget	1	382331
382.379	n/a	NonTarget	1	382379
382.548	n/a	NonTarget	1	382548
382.768	n/a	NonTarget	1	382768
382.984	n/a	Target	2	382984
383.199	n/a	NonTarget	1	383199
383.418	n/a	Target	2	383418
383.634	n/a	NonTarget	1	383634
383.865	n/a	NonTarget	1	383865
384.084	n/a	NonTarget	1	384084
384.298	n/a	NonTarget	1	384298
384.515	n/a	NonTarget	1	384515
384.732	n/a	NonTarget	1	384732
384.948	n/a	NonTarget	1	384948
385.169	n/a	NonTarget	1	385169
385.385	n/a	NonTarget	1	385385
385.598	n/a	NonTarget	1	385598
385.816	n/a	Target	2	385816
386.033	n/a	NonTarget	1	386033
386.25	n/a	NonTarget	1	386250
386.465	n/a	Target	2	386465
386.685	n/a	NonTarget	1	386685
386.901	n/a	NonTarget	1	386901
387.118	n/a	NonTarget	1	387118
387.333	n/a	Target	2	387333
387.548	n/a	NonTarget	1	387548
387.765	n/a	NonTarget	1	387765
387.984	n/a	NonTarget	1	387984
388.202	n/a	NonTarget	1	388202
388.416	n/a	NonTarget	1	388416
388.631	n/a	NonTarget	1	388631
388.854	n/a	NonTarget	1	388854
389.067	n/a	NonTarget	1	389067
389.283	n/a	NonTarget	1	389283
389.501	n/a	Target	2	389501
389.715	n/a	NonTarget	1	389715
389.934	n/a	NonTarget	1	389934
390.148	n/a	NonTarget	1	390148
390.365	n/a	NonTarget	1	390365
390.584	n/a	NonTarget	1	390584
390.804	n/a	NonTarget	1	390804
391.017	n/a	Target	2	391017
391.234	n/a	NonTarget	1	391234
391.46	n/a	Target	2	391460
391.665	n/a	NonTarget	1	391665
391.881	n/a	NonTarget	1	391881
392.1	n/a	NonTarget	1	392100
392.319	n/a	NonTarget	1	392319
392.532	n/a	NonTarget	1	392532
392.748	n/a	NonTarget	1	392748
392.968	n/a	NonTarget	1	392968
393.184	n/a	NonTarget	1	393184
393.398	n/a	Target	2	393398
393.615	n/a	NonTarget	1	393615
393.834	n/a	NonTarget	1	393834
394.05	n/a	NonTarget	1	394050
394.264	n/a	NonTarget	1	394264
394.481	n/a	NonTarget	1	394481
394.701	n/a	NonTarget	1	394701
394.921	n/a	Target	2	394921
402.914	n/a	Target	2	402914
402.967	n/a	NonTarget	1	402967
403.134	n/a	NonTarget	1	403134
403.351	n/a	NonTarget	1	403351
403.566	n/a	NonTarget	1	403566
403.781	n/a	NonTarget	1	403781
404.001	n/a	NonTarget	1	404001
404.218	n/a	NonTarget	1	404218
404.431	n/a	NonTarget	1	404431
404.648	n/a	Target	2	404648
404.867	n/a	NonTarget	1	404867
405.084	n/a	NonTarget	1	405084
405.3	n/a	NonTarget	1	405300
405.517	n/a	NonTarget	1	405517
405.734	n/a	NonTarget	1	405734
405.948	n/a	NonTarget	1	405948
406.167	n/a	Target	2	406167
406.406	n/a	NonTarget	1	406406
406.598	n/a	NonTarget	1	406598
406.814	n/a	Target	2	406814
407.034	n/a	NonTarget	1	407034
407.255	n/a	NonTarget	1	407255
407.464	n/a	NonTarget	1	407464
407.681	n/a	NonTarget	1	407681
407.898	n/a	NonTarget	1	407898
408.117	n/a	NonTarget	1	408117
408.335	n/a	NonTarget	1	408335
408.556	n/a	Target	2	408556
408.769	n/a	NonTarget	1	408769
408.985	n/a	NonTarget	1	408985
409.199	n/a	NonTarget	1	409199
409.415	n/a	NonTarget	1	409415
409.631	n/a	NonTarget	1	409631
409.851	n/a	Target	2	409851
410.067	n/a	NonTarget	1	410067
410.283	n/a	NonTarget	1	410283
410.498	n/a	NonTarget	1	410498
410.718	n/a	NonTarget	1	410718
410.934	n/a	Target	2	410934
411.149	n/a	NonTarget	1	411149
411.366	n/a	NonTarget	1	411366
411.581	n/a	NonTarget	1	411581
411.806	n/a	NonTarget	1	411806
412.016	n/a	NonTarget	1	412016
412.234	n/a	NonTarget	1	412234
412.448	n/a	Target	2	412448
412.664	n/a	NonTarget	1	412664
412.884	n/a	NonTarget	1	412884
413.1	n/a	NonTarget	1	413100
413.316	n/a	NonTarget	1	413316
413.538	n/a	Target	2	413538
413.748	n/a	NonTarget	1	413748
413.967	n/a	NonTarget	1	413967
414.181	n/a	NonTarget	1	414181
414.398	n/a	NonTarget	1	414398
414.614	n/a	NonTarget	1	414614
414.831	n/a	Target	2	414831
415.05	n/a	NonTarget	1	415050
415.266	n/a	NonTarget	1	415266
415.491	n/a	NonTarget	1	415491
423.464	n/a	NonTarget	1	423464
423.511	n/a	NonTarget	1	423511
423.684	n/a	NonTarget	1	423684
423.897	n/a	NonTarget	1	423897
424.118	n/a	Target	2	424118
424.335	n/a	NonTarget	1	424335
424.547	n/a	Target	2	424547
424.767	n/a	NonTarget	1	424767
424.98	n/a	NonTarget	1	424980
425.198	n/a	NonTarget	1	425198
425.418	n/a	NonTarget	1	425418
425.641	n/a	NonTarget	1	425641
425.853	n/a	Target	2	425853
426.064	n/a	NonTarget	1	426064
426.284	n/a	NonTarget	1	426284
426.497	n/a	NonTarget	1	426497
426.714	n/a	NonTarget	1	426714
426.959	n/a	NonTarget	1	426959
427.149	n/a	NonTarget	1	427149
427.364	n/a	NonTarget	1	427364
427.598	n/a	NonTarget	1	427598
427.798	n/a	NonTarget	1	427798
428.014	n/a	NonTarget	1	428014
428.231	n/a	Target	2	428231
428.451	n/a	NonTarget	1	428451
428.664	n/a	NonTarget	1	428664
428.88	n/a	Target	2	428880
429.098	n/a	NonTarget	1	429098
429.315	n/a	NonTarget	1	429315
429.531	n/a	NonTarget	1	429531
429.749	n/a	NonTarget	1	429749
429.964	n/a	NonTarget	1	429964
430.18	n/a	Target	2	430180
430.401	n/a	NonTarget	1	430401
430.624	n/a	NonTarget	1	430624
430.833	n/a	NonTarget	1	430833
431.048	n/a	NonTarget	1	431048
431.264	n/a	NonTarget	1	431264
431.481	n/a	Target	2	431481
431.697	n/a	NonTarget	1	431697
431.929	n/a	NonTarget	1	431929
432.139	n/a	NonTarget	1	432139
432.349	n/a	Target	2	432349
432.564	n/a	NonTarget	1	432564
432.782	n/a	NonTarget	1	432782
432.997	n/a	NonTarget	1	432997
433.217	n/a	NonTarget	1	433217
433.434	n/a	NonTarget	1	433434
433.647	n/a	NonTarget	1	433647
433.872	n/a	NonTarget	1	433872
434.08	n/a	NonTarget	1	434080
434.298	n/a	NonTarget	1	434298
434.518	n/a	NonTarget	1	434518
434.733	n/a	Target	2	434733
434.948	n/a	NonTarget	1	434948
435.184	n/a	NonTarget	1	435184
435.385	n/a	NonTarget	1	435385
435.599	n/a	NonTarget	1	435599
435.814	n/a	NonTarget	1	435814
436.03	n/a	Target	2	436030
444.07	n/a	NonTarget	1	444070
444.117	n/a	Target	2	444117
444.28	n/a	NonTarget	1	444280
444.499	n/a	NonTarget	1	444499
444.713	n/a	NonTarget	1	444713
444.93	n/a	NonTarget	1	444930
445.148	n/a	NonTarget	1	445148
445.364	n/a	NonTarget	1	445364
445.585	n/a	NonTarget	1	445585
445.799	n/a	NonTarget	1	445799
446.014	n/a	NonTarget	1	446014
446.23	n/a	Target	2	446230
446.447	n/a	NonTarget	1	446447
446.667	n/a	Target	2	446667
446.882	n/a	NonTarget	1	446882
447.098	n/a	NonTarget	1	447098
447.313	n/a	NonTarget	1	447313
447.53	n/a	NonTarget	1	447530
447.759	n/a	NonTarget	1	447759
447.964	n/a	NonTarget	1	447964
448.184	n/a	NonTarget	1	448184
448.397	n/a	NonTarget	1	448397
448.616	n/a	Target	2	448616
448.832	n/a	NonTarget	1	448832
449.047	n/a	NonTarget	1	449047
449.27	n/a	Target	2	449270
449.487	n/a	NonTarget	1	449487
449.697	n/a	NonTarget	1	449697
449.915	n/a	NonTarget	1	449915
450.13	n/a	NonTarget	1	450130
450.347	n/a	Target	2	450347
450.569	n/a	NonTarget	1	450569
450.783	n/a	NonTarget	1	450783
450.998	n/a	NonTarget	1	450998
451.215	n/a	NonTarget	1	451215
451.43	n/a	NonTarget	1	451430
451.649	n/a	NonTarget	1	451649
451.863	n/a	NonTarget	1	451863
452.081	n/a	Target	2	452081
452.297	n/a	NonTarget	1	452297
452.516	n/a	NonTarget	1	452516
452.733	n/a	NonTarget	1	452733
452.948	n/a	NonTarget	1	452948
453.164	n/a	Target	2	453164
453.383	n/a	NonTarget	1	453383
453.599	n/a	NonTarget	1	453599
453.814	n/a	NonTarget	1	453814
454.042	n/a	NonTarget	1	454042
454.247	n/a	NonTarget	1	454247
454.467	n/a	NonTarget	1	454467
454.683	n/a	NonTarget	1	454683
454.897	n/a	NonTarget	1	454897
455.113	n/a	Target	2	455113
455.335	n/a	NonTarget	1	455335
455.548	n/a	NonTarget	1	455548
455.763	n/a	Target	2	455763
455.98	n/a	NonTarget	1	455980
456.197	n/a	NonTarget	1	456197
456.416	n/a	NonTarget	1	456416
456.636	n/a	NonTarget	1	456636
464.596	n/a	NonTarget	1	464596
464.645	n/a	NonTarget	1	464645
464.816	n/a	NonTarget	1	464816
465.03	n/a	Target	2	465030
465.248	n/a	NonTarget	1	465248
465.463	n/a	NonTarget	1	465463
465.68	n/a	NonTarget	1	465680
465.901	n/a	NonTarget	1	465901
466.115	n/a	NonTarget	1	466115
466.33	n/a	Target	2	466330
466.55	n/a	NonTarget	1	466550
466.763	n/a	NonTarget	1	466763
466.981	n/a	NonTarget	1	466981
467.199	n/a	NonTarget	1	467199
467.413	n/a	NonTarget	1	467413
467.637	n/a	NonTarget	1	467637
467.849	n/a	NonTarget	1	467849
468.065	n/a	Target	2	468065
468.28	n/a	NonTarget	1	468280
468.496	n/a	NonTarget	1	468496
468.716	n/a	NonTarget	1	468716
468.93	n/a	NonTarget	1	468930
469.148	n/a	Target	2	469148
469.364	n/a	NonTarget	1	469364
469.58	n/a	NonTarget	1	469580
469.799	n/a	NonTarget	1	469799
470.013	n/a	Target	2	470013
470.23	n/a	NonTarget	1	470230
470.447	n/a	NonTarget	1	470447
470.663	n/a	NonTarget	1	470663
470.883	n/a	Target	2	470883
471.097	n/a	NonTarget	1	471097
471.317	n/a	NonTarget	1	471317
471.53	n/a	NonTarget	1	471530
471.749	n/a	NonTarget	1	471749
471.968	n/a	NonTarget	1	471968
472.18	n/a	NonTarget	1	472180
472.397	n/a	NonTarget	1	472397
472.613	n/a	Target	2	472613
472.833	n/a	NonTarget	1	472833
473.047	n/a	NonTarget	1	473047
473.263	n/a	NonTarget	1	473263
473.483	n/a	NonTarget	1	473483
473.698	n/a	NonTarget	1	473698
473.913	n/a	NonTarget	1	473913
474.13	n/a	Target	2	474130
474.35	n/a	NonTarget	1	474350
474.57	n/a	NonTarget	1	474570
474.788	n/a	NonTarget	1	474788
474.998	n/a	NonTarget	1	474998
475.213	n/a	NonTarget	1	475213
475.43	n/a	NonTarget	1	475430
475.646	n/a	Target	2	475646
475.864	n/a	NonTarget	1	475864
476.086	n/a	NonTarget	1	476086
476.31	n/a	Target	2	476310
476.513	n/a	NonTarget	1	476513
476.734	n/a	NonTarget	1	476734
476.946	n/a	NonTarget	1	476946
477.163	n/a	NonTarget	1	477163
485.14	n/a	NonTarget	1	485140
485.175	n/a	NonTarget	1	485175
485.346	n/a	NonTarget	1	485346
485.566	n/a	NonTarget	1	485566
485.781	n/a	NonTarget	1	485781
485.998	n/a	Target	2	485998
486.214	n/a	NonTarget	1	486214
486.43	n/a	NonTarget	1	486430
486.648	n/a	NonTarget	1	486648
486.863	n/a	NonTarget	1	486863
487.085	n/a	Target	2	487085
487.296	n/a	NonTarget	1	487296
487.516	n/a	Target	2	487516
487.733	n/a	NonTarget	1	487733
487.946	n/a	NonTarget	1	487946
488.163	n/a	NonTarget	1	488163
488.379	n/a	NonTarget	1	488379
488.605	n/a	NonTarget	1	488605
488.816	n/a	Target	2	488816
489.033	n/a	NonTarget	1	489033
489.248	n/a	NonTarget	1	489248
489.473	n/a	NonTarget	1	489473
489.679	n/a	NonTarget	1	489679
489.898	n/a	NonTarget	1	489898
490.114	n/a	NonTarget	1	490114
490.334	n/a	NonTarget	1	490334
490.548	n/a	NonTarget	1	490548
490.765	n/a	NonTarget	1	490765
490.983	n/a	Target	2	490983
491.197	n/a	NonTarget	1	491197
491.42	n/a	NonTarget	1	491420
491.633	n/a	Target	2	491633
491.846	n/a	NonTarget	1	491846
492.063	n/a	NonTarget	1	492063
492.28	n/a	NonTarget	1	492280
492.496	n/a	NonTarget	1	492496
492.718	n/a	NonTarget	1	492718
492.931	n/a	NonTarget	1	492931
493.15	n/a	NonTarget	1	493150
493.363	n/a	NonTarget	1	493363
493.579	n/a	Target	2	493579
493.796	n/a	NonTarget	1	493796
494.017	n/a	NonTarget	1	494017
494.229	n/a	Target	2	494229
494.455	n/a	NonTarget	1	494455
494.663	n/a	NonTarget	1	494663
494.879	n/a	NonTarget	1	494879
495.097	n/a	NonTarget	1	495097
495.317	n/a	NonTarget	1	495317
495.531	n/a	NonTarget	1	495531
495.746	n/a	NonTarget	1	495746
495.964	n/a	Target	2	495964
496.179	n/a	NonTarget	1	496179
496.396	n/a	NonTarget	1	496396
496.613	n/a	Target	2	496613
496.83	n/a	NonTarget	1	496830
497.046	n/a	NonTarget	1	497046
497.264	n/a	NonTarget	1	497264
497.482	n/a	NonTarget	1	497482
497.699	n/a	NonTarget	1	497699
505.748	n/a	NonTarget	1	505748
505.79	n/a	NonTarget	1	505790
505.962	n/a	NonTarget	1	505962
506.179	n/a	NonTarget	1	506179
506.398	n/a	NonTarget	1	506398
506.613	n/a	Target	2	506613
506.833	n/a	NonTarget	1	506833
507.046	n/a	NonTarget	1	507046
507.265	n/a	NonTarget	1	507265
507.482	n/a	NonTarget	1	507482
507.697	n/a	Target	2	507697
507.913	n/a	NonTarget	1	507913
508.133	n/a	NonTarget	1	508133
508.352	n/a	Target	2	508352
508.562	n/a	NonTarget	1	508562
508.779	n/a	NonTarget	1	508779
508.996	n/a	NonTarget	1	508996
509.216	n/a	NonTarget	1	509216
509.429	n/a	NonTarget	1	509429
509.647	n/a	NonTarget	1	509647
509.867	n/a	NonTarget	1	509867
510.079	n/a	NonTarget	1	510079
510.296	n/a	NonTarget	1	510296
510.512	n/a	Target	2	510512
510.73	n/a	NonTarget	1	510730
510.955	n/a	NonTarget	1	510955
511.162	n/a	NonTarget	1	511162
511.379	n/a	NonTarget	1	511379
511.596	n/a	NonTarget	1	511596
511.813	n/a	Target	2	511813
512.032	n/a	NonTarget	1	512032
512.247	n/a	NonTarget	1	512247
512.464	n/a	NonTarget	1	512464
512.68	n/a	NonTarget	1	512680
512.896	n/a	NonTarget	1	512896
513.112	n/a	Target	2	513112
513.331	n/a	NonTarget	1	513331
513.549	n/a	Target	2	513549
513.765	n/a	NonTarget	1	513765
513.98	n/a	NonTarget	1	513980
514.198	n/a	NonTarget	1	514198
514.414	n/a	NonTarget	1	514414
514.629	n/a	NonTarget	1	514629
514.846	n/a	NonTarget	1	514846
515.068	n/a	NonTarget	1	515068
515.279	n/a	Target	2	515279
515.498	n/a	NonTarget	1	515498
515.715	n/a	NonTarget	1	515715
515.932	n/a	NonTarget	1	515932
516.146	n/a	NonTarget	1	516146
516.364	n/a	Target	2	516364
516.579	n/a	NonTarget	1	516579
516.798	n/a	NonTarget	1	516798
517.02	n/a	NonTarget	1	517020
517.229	n/a	Target	2	517229
517.45	n/a	NonTarget	1	517450
517.662	n/a	NonTarget	1	517662
517.879	n/a	NonTarget	1	517879
518.098	n/a	NonTarget	1	518098
518.315	n/a	NonTarget	1	518315
526.266	n/a	NonTarget	1	526266
526.318	n/a	NonTarget	1	526318
526.479	n/a	NonTarget	1	526479
526.695	n/a	Target	2	526695
526.917	n/a	NonTarget	1	526917
527.129	n/a	NonTarget	1	527129
527.345	n/a	Target	2	527345
527.565	n/a	NonTarget	1	527565
527.782	n/a	NonTarget	1	527782
527.998	n/a	NonTarget	1	527998
528.212	n/a	NonTarget	1	528212
528.429	n/a	NonTarget	1	528429
528.649	n/a	NonTarget	1	528649
528.865	n/a	Target	2	528865
529.081	n/a	NonTarget	1	529081
529.296	n/a	NonTarget	1	529296
529.515	n/a	NonTarget	1	529515
529.729	n/a	NonTarget	1	529729
529.949	n/a	NonTarget	1	529949
530.164	n/a	NonTarget	1	530164
530.379	n/a	NonTarget	1	530379
530.6	n/a	Target	2	530600
530.815	n/a	NonTarget	1	530815
531.029	n/a	NonTarget	1	531029
531.245	n/a	NonTarget	1	531245
531.465	n/a	NonTarget	1	531465
531.679	n/a	NonTarget	1	531679
531.901	n/a	NonTarget	1	531901
532.112	n/a	Target	2	532112
532.333	n/a	NonTarget	1	532333
532.549	n/a	NonTarget	1	532549
532.762	n/a	NonTarget	1	532762
532.982	n/a	Target	2	532982
533.195	n/a	NonTarget	1	533195
533.415	n/a	NonTarget	1	533415
533.629	n/a	NonTarget	1	533629
533.847	n/a	NonTarget	1	533847
534.062	n/a	Target	2	534062
534.279	n/a	NonTarget	1	534279
534.507	n/a	NonTarget	1	534507
534.716	n/a	NonTarget	1	534716
534.931	n/a	NonTarget	1	534931
535.145	n/a	NonTarget	1	535145
535.362	n/a	NonTarget	1	535362
535.582	n/a	NonTarget	1	535582
535.797	n/a	NonTarget	1	535797
536.014	n/a	NonTarget	1	536014
536.23	n/a	Target	2	536230
536.448	n/a	NonTarget	1	536448
536.665	n/a	Target	2	536665
536.881	n/a	NonTarget	1	536881
537.096	n/a	NonTarget	1	537096
537.312	n/a	NonTarget	1	537312
537.528	n/a	NonTarget	1	537528
537.751	n/a	NonTarget	1	537751
537.962	n/a	NonTarget	1	537962
538.179	n/a	NonTarget	1	538179
538.399	n/a	Target	2	538399
538.615	n/a	NonTarget	1	538615
538.833	n/a	NonTarget	1	538833
546.795	n/a	NonTarget	1	546795
546.842	n/a	NonTarget	1	546842
547.016	n/a	Target	2	547016
547.231	n/a	NonTarget	1	547231
547.445	n/a	NonTarget	1	547445
547.664	n/a	NonTarget	1	547664
547.879	n/a	NonTarget	1	547879
548.095	n/a	Target	2	548095
548.316	n/a	NonTarget	1	548316
548.534	n/a	NonTarget	1	548534
548.748	n/a	NonTarget	1	548748
548.962	n/a	NonTarget	1	548962
549.183	n/a	NonTarget	1	549183
549.395	n/a	Target	2	549395
549.612	n/a	NonTarget	1	549612
549.833	n/a	NonTarget	1	549833
550.047	n/a	NonTarget	1	550047
550.262	n/a	NonTarget	1	550262
550.478	n/a	NonTarget	1	550478
550.698	n/a	NonTarget	1	550698
550.912	n/a	NonTarget	1	550912
551.131	n/a	NonTarget	1	551131
551.346	n/a	Target	2	551346
551.566	n/a	NonTarget	1	551566
551.78	n/a	NonTarget	1	551780
551.997	n/a	NonTarget	1	551997
552.212	n/a	NonTarget	1	552212
552.429	n/a	NonTarget	1	552429
552.645	n/a	Target	2	552645
552.865	n/a	NonTarget	1	552865
553.084	n/a	NonTarget	1	553084
553.295	n/a	Target	2	553295
553.512	n/a	NonTarget	1	553512
553.731	n/a	NonTarget	1	553731
553.947	n/a	NonTarget	1	553947
554.162	n/a	NonTarget	1	554162
554.379	n/a	NonTarget	1	554379
554.597	n/a	Target	2	554597
554.814	n/a	NonTarget	1	554814
555.028	n/a	NonTarget	1	555028
555.247	n/a	NonTarget	1	555247
555.466	n/a	NonTarget	1	555466
555.679	n/a	NonTarget	1	555679
555.9	n/a	Target	2	555900
556.111	n/a	NonTarget	1	556111
556.328	n/a	NonTarget	1	556328
556.545	n/a	NonTarget	1	556545
556.762	n/a	NonTarget	1	556762
556.979	n/a	NonTarget	1	556979
557.196	n/a	NonTarget	1	557196
557.411	n/a	Target	2	557411
557.628	n/a	NonTarget	1	557628
557.845	n/a	NonTarget	1	557845
558.065	n/a	NonTarget	1	558065
558.278	n/a	Target	2	558278
558.498	n/a	NonTarget	1	558498
558.717	n/a	NonTarget	1	558717
558.93	n/a	NonTarget	1	558930
559.145	n/a	NonTarget	1	559145
559.362	n/a	NonTarget	1	559362
567.311	n/a	NonTarget	1	567311
567.359	n/a	NonTarget	1	567359
567.531	n/a	NonTarget	1	567531
567.744	n/a	NonTarget	1	567744
567.962	n/a	Target	2	567962
568.178	n/a	NonTarget	1	568178
568.398	n/a	NonTarget	1	568398
568.611	n/a	NonTarget	1	568611
568.828	n/a	Target	2	568828
569.06	n/a	NonTarget	1	569060
569.261	n/a	NonTarget	1	569261
569.478	n/a	NonTarget	1	569478
569.698	n/a	Target	2	569698
569.911	n/a	NonTarget	1	569911
570.138	n/a	NonTarget	1	570138
570.345	n/a	NonTarget	1	570345
570.565	n/a	NonTarget	1	570565
570.78	n/a	NonTarget	1	570780
570.995	n/a	NonTarget	1	570995
571.211	n/a	NonTarget	1	571211
571.431	n/a	NonTarget	1	571431
571.644	n/a	NonTarget	1	571644
571.861	n/a	Target	2	571861
572.078	n/a	NonTarget	1	572078
572.298	n/a	NonTarget	1	572298
572.515	n/a	NonTarget	1	572515
572.732	n/a	NonTarget	1	572732
572.946	n/a	Target	2	572946
573.164	n/a	NonTarget	1	573164
573.38	n/a	NonTarget	1	573380
573.595	n/a	NonTarget	1	573595
573.815	n/a	Target	2	573815
574.031	n/a	NonTarget	1	574031
574.245	n/a	NonTarget	1	574245
574.468	n/a	NonTarget	1	574468
574.678	n/a	NonTarget	1	574678
574.895	n/a	NonTarget	1	574895
575.111	n/a	NonTarget	1	575111
575.334	n/a	NonTarget	1	575334
575.548	n/a	NonTarget	1	575548
575.761	n/a	NonTarget	1	575761
575.978	n/a	Target	2	575978
576.195	n/a	NonTarget	1	576195
576.415	n/a	NonTarget	1	576415
576.64	n/a	Target	2	576640
576.848	n/a	NonTarget	1	576848
577.065	n/a	NonTarget	1	577065
577.278	n/a	NonTarget	1	577278
577.503	n/a	Target	2	577503
577.711	n/a	NonTarget	1	577711
577.928	n/a	NonTarget	1	577928
578.144	n/a	NonTarget	1	578144
578.364	n/a	NonTarget	1	578364
578.578	n/a	NonTarget	1	578578
578.796	n/a	NonTarget	1	578796
579.011	n/a	NonTarget	1	579011
579.236	n/a	NonTarget	1	579236
579.449	n/a	NonTarget	1	579449
579.664	n/a	NonTarget	1	579664
579.881	n/a	Target	2	579881
587.828	n/a	NonTarget	1	587828
587.881	n/a	NonTarget	1	587881
588.05	n/a	Target	2	588050
588.267	n/a	NonTarget	1	588267
588.479	n/a	NonTarget	1	588479
588.698	n/a	NonTarget	1	588698
588.911	n/a	Target	2	588911
589.131	n/a	NonTarget	1	589131
589.351	n/a	NonTarget	1	589351
589.563	n/a	NonTarget	1	589563
589.779	n/a	NonTarget	1	589779
589.998	n/a	NonTarget	1	589998
590.213	n/a	NonTarget	1	590213
590.428	n/a	NonTarget	1	590428
590.645	n/a	NonTarget	1	590645
590.861	n/a	NonTarget	1	590861
591.083	n/a	NonTarget	1	591083
591.294	n/a	Target	2	591294
591.511	n/a	NonTarget	1	591511
591.728	n/a	NonTarget	1	591728
591.945	n/a	NonTarget	1	591945
592.163	n/a	NonTarget	1	592163
592.38	n/a	Target	2	592380
592.6	n/a	NonTarget	1	592600
592.811	n/a	NonTarget	1	592811
593.027	n/a	Target	2	593027
593.244	n/a	NonTarget	1	593244
593.462	n/a	NonTarget	1	593462
593.678	n/a	NonTarget	1	593678
593.897	n/a	NonTarget	1	593897
594.111	n/a	NonTarget	1	594111
594.329	n/a	Target	2	594329
594.544	n/a	NonTarget	1	594544
594.761	n/a	NonTarget	1	594761
594.978	n/a	NonTarget	1	594978
595.197	n/a	NonTarget	1	595197
595.411	n/a	NonTarget	1	595411
595.628	n/a	NonTarget	1	595628
595.847	n/a	Target	2	595847
596.067	n/a	NonTarget	1	596067
596.278	n/a	NonTarget	1	596278
596.495	n/a	NonTarget	1	596495
596.711	n/a	NonTarget	1	596711
596.929	n/a	NonTarget	1	596929
597.145	n/a	NonTarget	1	597145
597.362	n/a	NonTarget	1	597362
597.578	n/a	Target	2	597578
597.794	n/a	NonTarget	1	597794
598.015	n/a	NonTarget	1	598015
598.229	n/a	NonTarget	1	598229
598.446	n/a	NonTarget	1	598446
598.664	n/a	NonTarget	1	598664
598.881	n/a	Target	2	598881
599.097	n/a	NonTarget	1	599097
599.312	n/a	NonTarget	1	599312
599.527	n/a	NonTarget	1	599527
599.744	n/a	NonTarget	1	599744
599.961	n/a	Target	2	599961
600.181	n/a	NonTarget	1	600181
600.397	n/a	NonTarget	1	600397
608.394	n/a	NonTarget	1	608394
608.441	n/a	NonTarget	1	608441
608.611	n/a	NonTarget	1	608611
608.827	n/a	Target	2	608827
609.048	n/a	NonTarget	1	609048
609.261	n/a	NonTarget	1	609261
609.48	n/a	Target	2	609480
609.695	n/a	NonTarget	1	609695
609.911	n/a	NonTarget	1	609911
610.127	n/a	NonTarget	1	610127
610.346	n/a	NonTarget	1	610346
610.562	n/a	NonTarget	1	610562
610.778	n/a	NonTarget	1	610778
610.996	n/a	Target	2	610996
611.214	n/a	NonTarget	1	611214
611.428	n/a	NonTarget	1	611428
611.645	n/a	NonTarget	1	611645
611.861	n/a	NonTarget	1	611861
612.077	n/a	NonTarget	1	612077
612.296	n/a	NonTarget	1	612296
612.512	n/a	NonTarget	1	612512
612.728	n/a	Target	2	612728
612.953	n/a	NonTarget	1	612953
613.16	n/a	NonTarget	1	613160
613.38	n/a	NonTarget	1	613380
613.597	n/a	NonTarget	1	613597
613.817	n/a	NonTarget	1	613817
614.027	n/a	NonTarget	1	614027
614.25	n/a	Target	2	614250
614.46	n/a	NonTarget	1	614460
614.683	n/a	NonTarget	1	614683
614.897	n/a	NonTarget	1	614897
615.113	n/a	Target	2	615113
615.329	n/a	NonTarget	1	615329
615.545	n/a	NonTarget	1	615545
615.761	n/a	NonTarget	1	615761
615.98	n/a	NonTarget	1	615980
616.197	n/a	Target	2	616197
616.416	n/a	NonTarget	1	616416
616.627	n/a	NonTarget	1	616627
616.844	n/a	NonTarget	1	616844
617.06	n/a	NonTarget	1	617060
617.282	n/a	NonTarget	1	617282
617.494	n/a	NonTarget	1	617494
617.714	n/a	NonTarget	1	617714
617.93	n/a	NonTarget	1	617930
618.146	n/a	NonTarget	1	618146
618.363	n/a	Target	2	618363
618.577	n/a	NonTarget	1	618577
618.794	n/a	Target	2	618794
619.013	n/a	NonTarget	1	619013
619.229	n/a	NonTarget	1	619229
619.445	n/a	NonTarget	1	619445
619.665	n/a	NonTarget	1	619665
619.877	n/a	NonTarget	1	619877
620.094	n/a	NonTarget	1	620094
620.311	n/a	NonTarget	1	620311
620.533	n/a	Target	2	620533
620.743	n/a	NonTarget	1	620743
620.963	n/a	NonTarget	1	620963
629.01	n/a	NonTarget	1	629010
629.062	n/a	NonTarget	1	629062
629.23	n/a	Target	2	629230
629.447	n/a	NonTarget	1	629447
629.662	n/a	NonTarget	1	629662
629.881	n/a	NonTarget	1	629881
630.094	n/a	Target	2	630094
630.31	n/a	NonTarget	1	630310
630.527	n/a	NonTarget	1	630527
630.744	n/a	NonTarget	1	630744
630.96	n/a	NonTarget	1	630960
631.177	n/a	NonTarget	1	631177
631.394	n/a	NonTarget	1	631394
631.61	n/a	NonTarget	1	631610
631.827	n/a	NonTarget	1	631827
632.043	n/a	NonTarget	1	632043
632.265	n/a	NonTarget	1	632265
632.484	n/a	Target	2	632484
632.694	n/a	NonTarget	1	632694
632.914	n/a	NonTarget	1	632914
633.127	n/a	NonTarget	1	633127
633.343	n/a	NonTarget	1	633343
633.564	n/a	Target	2	633564
633.779	n/a	NonTarget	1	633779
633.995	n/a	NonTarget	1	633995
634.213	n/a	Target	2	634213
634.427	n/a	NonTarget	1	634427
634.646	n/a	NonTarget	1	634646
634.861	n/a	NonTarget	1	634861
635.077	n/a	NonTarget	1	635077
635.294	n/a	NonTarget	1	635294
635.515	n/a	Target	2	635515
635.727	n/a	NonTarget	1	635727
635.943	n/a	NonTarget	1	635943
636.168	n/a	NonTarget	1	636168
636.38	n/a	NonTarget	1	636380
636.595	n/a	NonTarget	1	636595
636.812	n/a	NonTarget	1	636812
637.027	n/a	Target	2	637027
637.248	n/a	NonTarget	1	637248
637.464	n/a	NonTarget	1	637464
637.677	n/a	NonTarget	1	637677
637.893	n/a	NonTarget	1	637893
638.11	n/a	NonTarget	1	638110
638.327	n/a	NonTarget	1	638327
638.547	n/a	NonTarget	1	638547
638.761	n/a	Target	2	638761
638.977	n/a	NonTarget	1	638977
639.195	n/a	NonTarget	1	639195
639.413	n/a	NonTarget	1	639413
639.632	n/a	NonTarget	1	639632
639.851	n/a	NonTarget	1	639851
640.06	n/a	Target	2	640060
640.277	n/a	NonTarget	1	640277
640.493	n/a	NonTarget	1	640493
640.711	n/a	NonTarget	1	640711
640.927	n/a	NonTarget	1	640927
641.146	n/a	Target	2	641146
641.363	n/a	NonTarget	1	641363
641.579	n/a	NonTarget	1	641579
649.613	n/a	NonTarget	1	649613
649.666	n/a	NonTarget	1	649666
649.828	n/a	NonTarget	1	649828
650.049	n/a	NonTarget	1	650049
650.26	n/a	Target	2	650260
650.481	n/a	NonTarget	1	650481
650.693	n/a	Target	2	650693
650.912	n/a	NonTarget	1	650912
651.127	n/a	NonTarget	1	651127
651.343	n/a	NonTarget	1	651343
651.562	n/a	NonTarget	1	651562
651.776	n/a	NonTarget	1	651776
651.994	n/a	NonTarget	1	651994
652.21	n/a	NonTarget	1	652210
652.43	n/a	NonTarget	1	652430
652.647	n/a	NonTarget	1	652647
652.868	n/a	NonTarget	1	652868
653.076	n/a	Target	2	653076
653.294	n/a	NonTarget	1	653294
653.513	n/a	NonTarget	1	653513
653.728	n/a	Target	2	653728
653.945	n/a	NonTarget	1	653945
654.16	n/a	NonTarget	1	654160
654.376	n/a	NonTarget	1	654376
654.593	n/a	Target	2	654593
654.81	n/a	NonTarget	1	654810
655.029	n/a	NonTarget	1	655029
655.243	n/a	NonTarget	1	655243
655.46	n/a	NonTarget	1	655460
655.676	n/a	NonTarget	1	655676
655.893	n/a	NonTarget	1	655893
656.11	n/a	NonTarget	1	656110
656.33	n/a	NonTarget	1	656330
656.547	n/a	NonTarget	1	656547
656.763	n/a	Target	2	656763
656.977	n/a	NonTarget	1	656977
657.196	n/a	NonTarget	1	657196
657.412	n/a	NonTarget	1	657412
657.628	n/a	NonTarget	1	657628
657.844	n/a	NonTarget	1	657844
658.06	n/a	NonTarget	1	658060
658.279	n/a	Target	2	658279
658.495	n/a	NonTarget	1	658495
658.711	n/a	Target	2	658711
658.926	n/a	NonTarget	1	658926
659.147	n/a	NonTarget	1	659147
659.36	n/a	NonTarget	1	659360
659.58	n/a	NonTarget	1	659580
659.793	n/a	NonTarget	1	659793
660.01	n/a	NonTarget	1	660010
660.229	n/a	NonTarget	1	660229
660.444	n/a	NonTarget	1	660444
660.66	n/a	Target	2	660660
660.876	n/a	NonTarget	1	660876
661.093	n/a	NonTarget	1	661093
661.31	n/a	NonTarget	1	661310
661.526	n/a	NonTarget	1	661526
661.743	n/a	NonTarget	1	661743
661.96	n/a	NonTarget	1	661960
662.18	n/a	Target	2	662180
670.145	n/a	NonTarget	1	670145
670.194	n/a	NonTarget	1	670194
670.359	n/a	NonTarget	1	670359
670.579	n/a	NonTarget	1	670579
670.793	n/a	Target	2	670793
671.009	n/a	NonTarget	1	671009
671.227	n/a	Target	2	671227
671.446	n/a	NonTarget	1	671446
671.661	n/a	NonTarget	1	671661
671.878	n/a	NonTarget	1	671878
672.093	n/a	NonTarget	1	672093
672.309	n/a	NonTarget	1	672309
672.529	n/a	NonTarget	1	672529
672.749	n/a	NonTarget	1	672749
672.961	n/a	NonTarget	1	672961
673.177	n/a	NonTarget	1	673177
673.393	n/a	NonTarget	1	673393
673.611	n/a	Target	2	673611
673.831	n/a	NonTarget	1	673831
674.044	n/a	NonTarget	1	674044
674.268	n/a	Target	2	674268
674.479	n/a	NonTarget	1	674479
674.695	n/a	NonTarget	1	674695
674.909	n/a	NonTarget	1	674909
675.126	n/a	Target	2	675126
675.343	n/a	NonTarget	1	675343
675.562	n/a	NonTarget	1	675562
675.778	n/a	NonTarget	1	675778
675.993	n/a	NonTarget	1	675993
676.209	n/a	NonTarget	1	676209
676.434	n/a	NonTarget	1	676434
676.642	n/a	NonTarget	1	676642
676.859	n/a	NonTarget	1	676859
677.076	n/a	NonTarget	1	677076
677.293	n/a	Target	2	677293
677.512	n/a	NonTarget	1	677512
677.729	n/a	NonTarget	1	677729
677.943	n/a	NonTarget	1	677943
678.162	n/a	NonTarget	1	678162
678.376	n/a	NonTarget	1	678376
678.592	n/a	NonTarget	1	678592
678.814	n/a	Target	2	678814
679.026	n/a	NonTarget	1	679026
679.243	n/a	Target	2	679243
679.459	n/a	NonTarget	1	679459
679.676	n/a	NonTarget	1	679676
679.893	n/a	NonTarget	1	679893
680.109	n/a	NonTarget	1	680109
680.326	n/a	NonTarget	1	680326
680.542	n/a	NonTarget	1	680542
680.762	n/a	NonTarget	1	680762
680.976	n/a	NonTarget	1	680976
681.195	n/a	Target	2	681195
681.412	n/a	NonTarget	1	681412
681.629	n/a	NonTarget	1	681629
681.846	n/a	NonTarget	1	681846
682.059	n/a	NonTarget	1	682059
682.28	n/a	NonTarget	1	682280
682.493	n/a	NonTarget	1	682493
682.71	n/a	Target	2	682710
690.693	n/a	Target	2	690693
690.74	n/a	NonTarget	1	690740
690.909	n/a	NonTarget	1	690909
691.132	n/a	NonTarget	1	691132
691.342	n/a	NonTarget	1	691342
691.56	n/a	NonTarget	1	691560
691.776	n/a	NonTarget	1	691776
691.993	n/a	NonTarget	1	691993
692.209	n/a	NonTarget	1	692209
692.426	n/a	Target	2	692426
692.642	n/a	NonTarget	1	692642
692.86	n/a	NonTarget	1	692860
693.077	n/a	Target	2	693077
693.293	n/a	NonTarget	1	693293
693.509	n/a	NonTarget	1	693509
693.726	n/a	NonTarget	1	693726
693.943	n/a	NonTarget	1	693943
694.162	n/a	NonTarget	1	694162
694.377	n/a	NonTarget	1	694377
694.592	n/a	NonTarget	1	694592
694.812	n/a	NonTarget	1	694812
695.03	n/a	NonTarget	1	695030
695.242	n/a	NonTarget	1	695242
695.462	n/a	Target	2	695462
695.694	n/a	NonTarget	1	695694
695.892	n/a	NonTarget	1	695892
696.112	n/a	NonTarget	1	696112
696.327	n/a	NonTarget	1	696327
696.542	n/a	NonTarget	1	696542
696.772	n/a	Target	2	696772
696.979	n/a	NonTarget	1	696979
697.192	n/a	NonTarget	1	697192
697.413	n/a	NonTarget	1	697413
697.626	n/a	NonTarget	1	697626
697.86	n/a	Target	2	697860
698.062	n/a	NonTarget	1	698062
698.278	n/a	NonTarget	1	698278
698.492	n/a	NonTarget	1	698492
698.711	n/a	NonTarget	1	698711
698.929	n/a	NonTarget	1	698929
699.143	n/a	NonTarget	1	699143
699.36	n/a	Target	2	699360
699.575	n/a	NonTarget	1	699575
699.792	n/a	NonTarget	1	699792
700.012	n/a	Target	2	700012
700.227	n/a	NonTarget	1	700227
700.443	n/a	NonTarget	1	700443
700.661	n/a	NonTarget	1	700661
700.876	n/a	NonTarget	1	700876
701.092	n/a	NonTarget	1	701092
701.312	n/a	NonTarget	1	701312
701.526	n/a	NonTarget	1	701526
701.745	n/a	NonTarget	1	701745
701.959	n/a	Target	2	701959
702.175	n/a	NonTarget	1	702175
702.392	n/a	NonTarget	1	702392
702.612	n/a	NonTarget	1	702612
702.831	n/a	NonTarget	1	702831
703.046	n/a	Target	2	703046
703.263	n/a	NonTarget	1	703263
711.281	n/a	NonTarget	1	711281
711.322	n/a	NonTarget	1	711322
711.492	n/a	NonTarget	1	711492
711.709	n/a	Target	2	711709
711.93	n/a	NonTarget	1	711930
712.142	n/a	NonTarget	1	712142
712.368	n/a	Target	2	712368
712.575	n/a	NonTarget	1	712575
712.798	n/a	NonTarget	1	712798
713.009	n/a	NonTarget	1	713009
713.225	n/a	NonTarget	1	713225
713.445	n/a	NonTarget	1	713445
713.659	n/a	NonTarget	1	713659
713.875	n/a	Target	2	713875
714.093	n/a	NonTarget	1	714093
714.312	n/a	NonTarget	1	714312
714.537	n/a	NonTarget	1	714537
714.744	n/a	NonTarget	1	714744
714.959	n/a	NonTarget	1	714959
715.176	n/a	NonTarget	1	715176
715.392	n/a	NonTarget	1	715392
715.612	n/a	Target	2	715612
715.832	n/a	NonTarget	1	715832
716.043	n/a	NonTarget	1	716043
716.259	n/a	NonTarget	1	716259
716.481	n/a	NonTarget	1	716481
716.694	n/a	NonTarget	1	716694
716.909	n/a	NonTarget	1	716909
717.125	n/a	Target	2	717125
717.345	n/a	NonTarget	1	717345
717.562	n/a	NonTarget	1	717562
717.777	n/a	NonTarget	1	717777
717.995	n/a	Target	2	717995
718.21	n/a	NonTarget	1	718210
718.428	n/a	NonTarget	1	718428
718.645	n/a	NonTarget	1	718645
718.866	n/a	NonTarget	1	718866
719.075	n/a	Target	2	719075
719.292	n/a	NonTarget	1	719292
719.508	n/a	NonTarget	1	719508
719.729	n/a	NonTarget	1	719729
719.944	n/a	NonTarget	1	719944
720.159	n/a	NonTarget	1	720159
720.378	n/a	NonTarget	1	720378
720.592	n/a	NonTarget	1	720592
720.812	n/a	NonTarget	1	720812
721.029	n/a	NonTarget	1	721029
721.242	n/a	Target	2	721242
721.464	n/a	NonTarget	1	721464
721.677	n/a	Target	2	721677
721.893	n/a	NonTarget	1	721893
722.108	n/a	NonTarget	1	722108
722.331	n/a	NonTarget	1	722331
722.542	n/a	NonTarget	1	722542
722.761	n/a	NonTarget	1	722761
722.975	n/a	NonTarget	1	722975
723.194	n/a	NonTarget	1	723194
723.409	n/a	Target	2	723409
723.627	n/a	NonTarget	1	723627
723.843	n/a	NonTarget	1	723843
731.795	n/a	NonTarget	1	731795
731.844	n/a	NonTarget	1	731844
732.009	n/a	Target	2	732009
732.225	n/a	NonTarget	1	732225
732.444	n/a	NonTarget	1	732444
732.658	n/a	NonTarget	1	732658
732.876	n/a	NonTarget	1	732876
733.104	n/a	NonTarget	1	733104
733.311	n/a	NonTarget	1	733311
733.526	n/a	NonTarget	1	733526
733.742	n/a	NonTarget	1	733742
733.958	n/a	Target	2	733958
734.179	n/a	NonTarget	1	734179
734.392	n/a	NonTarget	1	734392
734.61	n/a	Target	2	734610
734.825	n/a	NonTarget	1	734825
735.042	n/a	NonTarget	1	735042
735.262	n/a	NonTarget	1	735262
735.483	n/a	NonTarget	1	735483
735.692	n/a	Target	2	735692
735.912	n/a	NonTarget	1	735912
736.125	n/a	NonTarget	1	736125
736.341	n/a	NonTarget	1	736341
736.559	n/a	NonTarget	1	736559
736.775	n/a	NonTarget	1	736775
736.992	n/a	NonTarget	1	736992
737.213	n/a	NonTarget	1	737213
737.428	n/a	NonTarget	1	737428
737.642	n/a	NonTarget	1	737642
737.858	n/a	Target	2	737858
738.075	n/a	NonTarget	1	738075
738.292	n/a	NonTarget	1	738292
738.508	n/a	Target	2	738508
738.727	n/a	NonTarget	1	738727
738.944	n/a	NonTarget	1	738944
739.158	n/a	NonTarget	1	739158
739.379	n/a	NonTarget	1	739379
739.601	n/a	NonTarget	1	739601
739.808	n/a	Target	2	739808
740.025	n/a	NonTarget	1	740025
740.243	n/a	NonTarget	1	740243
740.458	n/a	NonTarget	1	740458
740.675	n/a	NonTarget	1	740675
740.895	n/a	NonTarget	1	740895
741.11	n/a	NonTarget	1	741110
741.325	n/a	NonTarget	1	741325
741.542	n/a	Target	2	741542
741.761	n/a	NonTarget	1	741761
741.978	n/a	Target	2	741978
742.194	n/a	NonTarget	1	742194
742.411	n/a	NonTarget	1	742411
742.625	n/a	NonTarget	1	742625
742.844	n/a	NonTarget	1	742844
743.06	n/a	NonTarget	1	743060
743.278	n/a	NonTarget	1	743278
743.492	n/a	NonTarget	1	743492
743.708	n/a	Target	2	743708
743.932	n/a	NonTarget	1	743932
744.141	n/a	NonTarget	1	744141
744.36	n/a	NonTarget	1	744360
752.341	n/a	NonTarget	1	752341
752.39	n/a	NonTarget	1	752390
752.558	n/a	NonTarget	1	752558
752.779	n/a	NonTarget	1	752779
752.996	n/a	Target	2	752996
753.208	n/a	NonTarget	1	753208
753.425	n/a	Target	2	753425
753.641	n/a	NonTarget	1	753641
753.861	n/a	NonTarget	1	753861
754.075	n/a	NonTarget	1	754075
754.291	n/a	NonTarget	1	754291
754.509	n/a	NonTarget	1	754509
754.728	n/a	NonTarget	1	754728
754.941	n/a	NonTarget	1	754941
755.158	n/a	NonTarget	1	755158
755.376	n/a	NonTarget	1	755376
755.599	n/a	NonTarget	1	755599
755.811	n/a	Target	2	755811
756.026	n/a	NonTarget	1	756026
756.243	n/a	NonTarget	1	756243
756.458	n/a	Target	2	756458
756.678	n/a	NonTarget	1	756678
756.892	n/a	NonTarget	1	756892
757.108	n/a	NonTarget	1	757108
757.325	n/a	Target	2	757325
757.543	n/a	NonTarget	1	757543
757.765	n/a	NonTarget	1	757765
757.978	n/a	NonTarget	1	757978
758.192	n/a	NonTarget	1	758192
758.408	n/a	NonTarget	1	758408
758.627	n/a	NonTarget	1	758627
758.844	n/a	NonTarget	1	758844
759.063	n/a	NonTarget	1	759063
759.277	n/a	NonTarget	1	759277
759.499	n/a	Target	2	759499
759.71	n/a	NonTarget	1	759710
759.929	n/a	NonTarget	1	759929
760.142	n/a	NonTarget	1	760142
760.359	n/a	NonTarget	1	760359
760.574	n/a	NonTarget	1	760574
760.791	n/a	NonTarget	1	760791
761.008	n/a	Target	2	761008
761.225	n/a	NonTarget	1	761225
761.442	n/a	Target	2	761442
761.658	n/a	NonTarget	1	761658
761.878	n/a	NonTarget	1	761878
762.092	n/a	NonTarget	1	762092
762.311	n/a	NonTarget	1	762311
762.524	n/a	NonTarget	1	762524
762.747	n/a	NonTarget	1	762747
762.958	n/a	NonTarget	1	762958
763.175	n/a	NonTarget	1	763175
763.391	n/a	Target	2	763391
763.609	n/a	NonTarget	1	763609
763.824	n/a	NonTarget	1	763824
764.042	n/a	NonTarget	1	764042
764.263	n/a	NonTarget	1	764263
764.474	n/a	NonTarget	1	764474
764.691	n/a	NonTarget	1	764691
764.908	n/a	Target	2	764908
772.988	n/a	NonTarget	1	772988
773.02	n/a	NonTarget	1	773020
773.192	n/a	Target	2	773192
773.409	n/a	NonTarget	1	773409
773.628	n/a	NonTarget	1	773628
773.841	n/a	NonTarget	1	773841
774.058	n/a	NonTarget	1	774058
774.274	n/a	Target	2	774274
774.493	n/a	NonTarget	1	774493
774.707	n/a	NonTarget	1	774707
774.926	n/a	NonTarget	1	774926
775.141	n/a	NonTarget	1	775141
775.36	n/a	NonTarget	1	775360
775.577	n/a	Target	2	775577
775.793	n/a	NonTarget	1	775793
776.01	n/a	NonTarget	1	776010
776.225	n/a	NonTarget	1	776225
776.443	n/a	NonTarget	1	776443
776.657	n/a	NonTarget	1	776657
776.874	n/a	NonTarget	1	776874
777.095	n/a	NonTarget	1	777095
777.31	n/a	NonTarget	1	777310
777.527	n/a	Target	2	777527
777.743	n/a	NonTarget	1	777743
777.96	n/a	NonTarget	1	777960
778.178	n/a	NonTarget	1	778178
778.394	n/a	NonTarget	1	778394
778.61	n/a	NonTarget	1	778610
778.824	n/a	Target	2	778824
779.041	n/a	NonTarget	1	779041
779.258	n/a	NonTarget	1	779258
779.478	n/a	Target	2	779478
779.693	n/a	NonTarget	1	779693
779.911	n/a	NonTarget	1	779911
780.125	n/a	NonTarget	1	780125
780.341	n/a	NonTarget	1	780341
780.56	n/a	NonTarget	1	780560
780.778	n/a	Target	2	780778
780.991	n/a	NonTarget	1	780991
781.208	n/a	NonTarget	1	781208
781.424	n/a	NonTarget	1	781424
781.643	n/a	NonTarget	1	781643
781.859	n/a	NonTarget	1	781859
782.075	n/a	Target	2	782075
782.294	n/a	NonTarget	1	782294
782.509	n/a	NonTarget	1	782509
782.724	n/a	NonTarget	1	782724
782.941	n/a	NonTarget	1	782941
783.159	n/a	NonTarget	1	783159
783.377	n/a	NonTarget	1	783377
783.593	n/a	Target	2	783593
783.807	n/a	NonTarget	1	783807
784.036	n/a	NonTarget	1	784036
784.248	n/a	NonTarget	1	784248
784.46	n/a	Target	2	784460
784.676	n/a	NonTarget	1	784676
784.893	n/a	NonTarget	1	784893
785.115	n/a	NonTarget	1	785115
785.327	n/a	NonTarget	1	785327
785.543	n/a	NonTarget	1	785543
793.557	n/a	NonTarget	1	793557
793.61	n/a	NonTarget	1	793610
793.777	n/a	NonTarget	1	793777
793.998	n/a	Target	2	793998
794.208	n/a	NonTarget	1	794208
794.424	n/a	NonTarget	1	794424
794.642	n/a	NonTarget	1	794642
794.865	n/a	NonTarget	1	794865
795.074	n/a	NonTarget	1	795074
795.294	n/a	Target	2	795294
795.51	n/a	NonTarget	1	795510
795.724	n/a	NonTarget	1	795724
795.944	n/a	NonTarget	1	795944
796.157	n/a	NonTarget	1	796157
796.376	n/a	NonTarget	1	796376
796.59	n/a	NonTarget	1	796590
796.809	n/a	NonTarget	1	796809
797.027	n/a	Target	2	797027
797.241	n/a	NonTarget	1	797241
797.458	n/a	NonTarget	1	797458
797.674	n/a	NonTarget	1	797674
797.896	n/a	NonTarget	1	797896
798.11	n/a	Target	2	798110
798.327	n/a	NonTarget	1	798327
798.541	n/a	NonTarget	1	798541
798.759	n/a	NonTarget	1	798759
798.974	n/a	Target	2	798974
799.194	n/a	NonTarget	1	799194
799.407	n/a	NonTarget	1	799407
799.624	n/a	NonTarget	1	799624
799.842	n/a	Target	2	799842
800.057	n/a	NonTarget	1	800057
800.274	n/a	NonTarget	1	800274
800.497	n/a	NonTarget	1	800497
800.71	n/a	NonTarget	1	800710
800.924	n/a	NonTarget	1	800924
801.144	n/a	NonTarget	1	801144
801.363	n/a	NonTarget	1	801363
801.574	n/a	Target	2	801574
801.796	n/a	NonTarget	1	801796
802.008	n/a	NonTarget	1	802008
802.224	n/a	NonTarget	1	802224
802.441	n/a	NonTarget	1	802441
802.657	n/a	NonTarget	1	802657
802.878	n/a	NonTarget	1	802878
803.09	n/a	Target	2	803090
803.309	n/a	NonTarget	1	803309
803.525	n/a	NonTarget	1	803525
803.744	n/a	NonTarget	1	803744
803.96	n/a	NonTarget	1	803960
804.18	n/a	NonTarget	1	804180
804.39	n/a	NonTarget	1	804390
804.607	n/a	Target	2	804607
804.824	n/a	NonTarget	1	804824
805.043	n/a	NonTarget	1	805043
805.26	n/a	Target	2	805260
805.484	n/a	NonTarget	1	805484
805.691	n/a	NonTarget	1	805691
805.91	n/a	NonTarget	1	805910
806.125	n/a	NonTarget	1	806125
814.09	n/a	NonTarget	1	814090
814.138	n/a	NonTarget	1	814138
814.312	n/a	NonTarget	1	814312
814.525	n/a	NonTarget	1	814525
814.74	n/a	Target	2	814740
814.957	n/a	NonTarget	1	814957
815.177	n/a	NonTarget	1	815177
815.393	n/a	NonTarget	1	815393
815.609	n/a	Target	2	815609
815.823	n/a	NonTarget	1	815823
816.04	n/a	NonTarget	1	816040
816.265	n/a	NonTarget	1	816265
816.473	n/a	Target	2	816473
816.692	n/a	NonTarget	1	816692
816.91	n/a	NonTarget	1	816910
817.124	n/a	NonTarget	1	817124
817.34	n/a	NonTarget	1	817340
817.558	n/a	NonTarget	1	817558
817.773	n/a	NonTarget	1	817773
817.992	n/a	NonTarget	1	817992
818.207	n/a	NonTarget	1	818207
818.424	n/a	NonTarget	1	818424
818.664	n/a	Target	2	818664
818.864	n/a	NonTarget	1	818864
819.079	n/a	NonTarget	1	819079
819.291	n/a	NonTarget	1	819291
819.507	n/a	NonTarget	1	819507
819.723	n/a	Target	2	819723
819.94	n/a	NonTarget	1	819940
820.159	n/a	NonTarget	1	820159
820.38	n/a	NonTarget	1	820380
820.591	n/a	Target	2	820591
820.807	n/a	NonTarget	1	820807
821.023	n/a	NonTarget	1	821023
821.246	n/a	NonTarget	1	821246
821.457	n/a	NonTarget	1	821457
821.673	n/a	NonTarget	1	821673
821.89	n/a	NonTarget	1	821890
822.11	n/a	NonTarget	1	822110
822.323	n/a	NonTarget	1	822323
822.541	n/a	NonTarget	1	822541
822.757	n/a	Target	2	822757
822.976	n/a	NonTarget	1	822976
823.193	n/a	NonTarget	1	823193
823.411	n/a	Target	2	823411
823.624	n/a	NonTarget	1	823624
823.84	n/a	NonTarget	1	823840
824.063	n/a	NonTarget	1	824063
824.273	n/a	Target	2	824273
824.491	n/a	NonTarget	1	824491
824.71	n/a	NonTarget	1	824710
824.923	n/a	NonTarget	1	824923
825.141	n/a	NonTarget	1	825141
825.361	n/a	NonTarget	1	825361
825.573	n/a	NonTarget	1	825573
825.79	n/a	NonTarget	1	825790
826.007	n/a	NonTarget	1	826007
826.223	n/a	NonTarget	1	826223
826.441	n/a	NonTarget	1	826441
826.657	n/a	Target	2	826657
834.631	n/a	Target	2	834631
834.675	n/a	NonTarget	1	834675
834.84	n/a	NonTarget	1	834840
835.056	n/a	NonTarget	1	835056
835.276	n/a	NonTarget	1	835276
835.49	n/a	NonTarget	1	835490
835.71	n/a	NonTarget	1	835710
835.923	n/a	NonTarget	1	835923
836.14	n/a	Target	2	836140
836.356	n/a	NonTarget	1	836356
836.578	n/a	NonTarget	1	836578
836.79	n/a	NonTarget	1	836790
837.013	n/a	NonTarget	1	837013
837.231	n/a	NonTarget	1	837231
837.444	n/a	NonTarget	1	837444
837.658	n/a	Target	2	837658
837.882	n/a	NonTarget	1	837882
838.092	n/a	NonTarget	1	838092
838.306	n/a	NonTarget	1	838306
838.525	n/a	NonTarget	1	838525
838.74	n/a	Target	2	838740
838.957	n/a	NonTarget	1	838957
839.176	n/a	NonTarget	1	839176
839.395	n/a	NonTarget	1	839395
839.606	n/a	Target	2	839606
839.823	n/a	NonTarget	1	839823
840.04	n/a	NonTarget	1	840040
840.256	n/a	NonTarget	1	840256
840.473	n/a	NonTarget	1	840473
840.691	n/a	NonTarget	1	840691
840.909	n/a	NonTarget	1	840909
841.126	n/a	NonTarget	1	841126
841.344	n/a	Target	2	841344
841.556	n/a	NonTarget	1	841556
841.788	n/a	NonTarget	1	841788
841.99	n/a	NonTarget	1	841990
842.212	n/a	Target	2	842212
842.425	n/a	NonTarget	1	842425
842.639	n/a	NonTarget	1	842639
842.856	n/a	NonTarget	1	842856
843.089	n/a	NonTarget	1	843089
843.291	n/a	NonTarget	1	843291
843.506	n/a	NonTarget	1	843506
843.723	n/a	NonTarget	1	843723
843.943	n/a	NonTarget	1	843943
844.16	n/a	Target	2	844160
844.375	n/a	NonTarget	1	844375
844.59	n/a	NonTarget	1	844590
844.806	n/a	NonTarget	1	844806
845.023	n/a	NonTarget	1	845023
845.244	n/a	NonTarget	1	845244
845.458	n/a	Target	2	845458
845.673	n/a	NonTarget	1	845673
845.908	n/a	NonTarget	1	845908
846.111	n/a	NonTarget	1	846111
846.326	n/a	Target	2	846326
846.543	n/a	NonTarget	1	846543
846.759	n/a	NonTarget	1	846759
846.973	n/a	NonTarget	1	846973
847.192	n/a	NonTarget	1	847192
855.151	n/a	NonTarget	1	855151
855.194	n/a	NonTarget	1	855194
855.36	n/a	NonTarget	1	855360
855.573	n/a	NonTarget	1	855573
855.793	n/a	Target	2	855793
856.009	n/a	NonTarget	1	856009
856.225	n/a	NonTarget	1	856225
856.44	n/a	NonTarget	1	856440
856.658	n/a	Target	2	856658
856.875	n/a	NonTarget	1	856875
857.093	n/a	NonTarget	1	857093
857.306	n/a	NonTarget	1	857306
857.527	n/a	Target	2	857527
857.749	n/a	NonTarget	1	857749
857.956	n/a	NonTarget	1	857956
858.174	n/a	NonTarget	1	858174
858.389	n/a	NonTarget	1	858389
858.606	n/a	NonTarget	1	858606
858.826	n/a	NonTarget	1	858826
859.039	n/a	NonTarget	1	859039
859.259	n/a	NonTarget	1	859259
859.481	n/a	NonTarget	1	859481
859.689	n/a	Target	2	859689
859.912	n/a	NonTarget	1	859912
860.125	n/a	NonTarget	1	860125
860.34	n/a	NonTarget	1	860340
860.556	n/a	NonTarget	1	860556
860.773	n/a	Target	2	860773
860.992	n/a	NonTarget	1	860992
861.21	n/a	NonTarget	1	861210
861.423	n/a	NonTarget	1	861423
861.644	n/a	Target	2	861644
861.858	n/a	NonTarget	1	861858
862.073	n/a	NonTarget	1	862073
862.29	n/a	NonTarget	1	862290
862.506	n/a	NonTarget	1	862506
862.726	n/a	NonTarget	1	862726
862.945	n/a	NonTarget	1	862945
863.157	n/a	NonTarget	1	863157
863.373	n/a	NonTarget	1	863373
863.593	n/a	NonTarget	1	863593
863.806	n/a	Target	2	863806
864.027	n/a	NonTarget	1	864027
864.24	n/a	NonTarget	1	864240
864.456	n/a	Target	2	864456
864.676	n/a	NonTarget	1	864676
864.892	n/a	NonTarget	1	864892
865.117	n/a	NonTarget	1	865117
865.323	n/a	Target	2	865323
865.543	n/a	NonTarget	1	865543
865.756	n/a	NonTarget	1	865756
865.972	n/a	NonTarget	1	865972
866.19	n/a	NonTarget	1	866190
866.412	n/a	NonTarget	1	866412
866.624	n/a	NonTarget	1	866624
866.839	n/a	NonTarget	1	866839
867.068	n/a	NonTarget	1	867068
867.287	n/a	NonTarget	1	867287
867.49	n/a	NonTarget	1	867490
867.706	n/a	Target	2	867706
875.672	n/a	NonTarget	1	875672
875.719	n/a	NonTarget	1	875719
875.889	n/a	NonTarget	1	875889
876.109	n/a	Target	2	876109
876.324	n/a	NonTarget	1	876324
876.54	n/a	NonTarget	1	876540
876.764	n/a	NonTarget	1	876764
876.975	n/a	NonTarget	1	876975
877.192	n/a	NonTarget	1	877192
877.406	n/a	NonTarget	1	877406
877.624	n/a	Target	2	877624
877.842	n/a	NonTarget	1	877842
878.058	n/a	NonTarget	1	878058
878.274	n/a	NonTarget	1	878274
878.489	n/a	NonTarget	1	878489
878.709	n/a	NonTarget	1	878709
878.922	n/a	NonTarget	1	878922
879.141	n/a	Target	2	879141
879.356	n/a	NonTarget	1	879356
879.572	n/a	NonTarget	1	879572
879.792	n/a	NonTarget	1	879792
880.005	n/a	Target	2	880005
880.223	n/a	NonTarget	1	880223
880.439	n/a	NonTarget	1	880439
880.656	n/a	NonTarget	1	880656
880.872	n/a	NonTarget	1	880872
881.089	n/a	Target	2	881089
881.307	n/a	NonTarget	1	881307
881.524	n/a	NonTarget	1	881524
881.749	n/a	NonTarget	1	881749
881.955	n/a	NonTarget	1	881955
882.172	n/a	NonTarget	1	882172
882.39	n/a	NonTarget	1	882390
882.61	n/a	Target	2	882610
882.822	n/a	NonTarget	1	882822
883.039	n/a	NonTarget	1	883039
883.256	n/a	NonTarget	1	883256
883.472	n/a	NonTarget	1	883472
883.692	n/a	NonTarget	1	883692
883.91	n/a	NonTarget	1	883910
884.122	n/a	Target	2	884122
884.349	n/a	NonTarget	1	884349
884.556	n/a	NonTarget	1	884556
884.772	n/a	NonTarget	1	884772
884.993	n/a	Target	2	884993
885.205	n/a	NonTarget	1	885205
885.422	n/a	NonTarget	1	885422
885.64	n/a	NonTarget	1	885640
885.855	n/a	NonTarget	1	885855
886.074	n/a	NonTarget	1	886074
886.29	n/a	Target	2	886290
886.508	n/a	NonTarget	1	886508
886.722	n/a	NonTarget	1	886722
886.939	n/a	NonTarget	1	886939
887.157	n/a	NonTarget	1	887157
887.372	n/a	NonTarget	1	887372
887.592	n/a	NonTarget	1	887592
887.811	n/a	Target	2	887811
888.022	n/a	NonTarget	1	888022
888.239	n/a	NonTarget	1	888239
